label
SPLI
linestyle
--
linewidth
4
x
0.003488252
0.006984527
0.035249096
0.071343059
0.14627353
0.225256706
0.308850098
0.352580357
0.361492944
0.365797592
0.370462895
0.397725416
0.594751835
0.825157928
0.862801647
1.82276
2.832968
4.115928

y
0.998836524
0.998549568
0.992622622
0.956116598
0.866737623
0.770748225
0.680111861
0.638007586
0.629811079
0.626023259
0.625830216
0.624724131
0.617607622
0.610673721
0.609633498
0.590873755
0.575445956
0.552411213


label
LBMI, mode 01
linestyle
--
x
0.0125
0.025
0.05
0.1
0.2
0.4
0.8
1.6
3.2
4

y
0.935001513
0.929789321
0.836830737
0.746553901
0.631828285
0.479731408
0.424233302
0.476778876
0.56281761
0.708080724


label
LBMI, mode 03
linestyle
--
x
0.0125
0.025
0.05
0.1
0.2
0.4
0.8
1.6
3.2
4

y
0.927811923
0.885947429
0.822837645
0.731877328
0.610937777
0.486966389
0.425864786
0.424730521
0.525643567
0.613442134


label
LBMI, mode 05
linestyle
--
x
0.0125
0.025
0.05
0.1
0.2
0.4
0.8
1.6
3.2
4

y
0.947163294
0.905799672
0.896074421
0.757792201
0.645711811
0.581777676
0.477133138
0.502236703
0.660863168
0.748886083

label
LBMI, mode 07
linestyle
--
x
0.0125
0.025
0.05
0.1
0.2
0.4
0.8
1.6
3.2
4

y
0.942029364
0.900723133
0.837722914
0.745139983
0.61838302
0.461662997
0.485058383
0.366268926
0.525382697
0.540283618

label
LBMI, mode 09
linestyle
--
x
0.0125
0.025
0.05
0.1
0.2
0.4
0.8
1.6
3.2
4

y
0.943130237
0.897076164
0.829818538
0.733212985
0.606257761
0.462334478
0.451358613
0.440903447
0.475337827
0.61032734

label
LBMI, mode 11
linestyle
--
x
0.0125
0.025
0.05
0.1
0.2
0.4
0.8
1.6
3.2
4

y
0.929090188
0.883594378
0.815929795
0.721369466
0.595687289
0.564638486
0.457539157
0.452857575
0.633137854
0.796729728

label
LBMI, mode 13
linestyle
--
x
0.0125
0.025
0.05
0.1
0.2
0.4
0.8
1.6
3.2
4

y
0.999801738
0.909112727
0.838197698
0.736270387
0.60082122
0.479402711
0.450747133
0.553645404
0.422410861
0.564555007

label
LBMI, mode 15
linestyle
--
x
0.0125
0.025
0.05
0.1
0.2
0.4
0.8
1.6
3.2
4

y
1.004695669
0.972107729
0.923288429
0.774033997
0.651117047
0.551850615
0.515204053
0.518076759
0.830121148
0.730166018

label
LBMI, mode 17
linestyle
--
x
0.0125
0.025
0.05
0.1
0.2
0.4
0.8
1.6
3.2
4

y
0.950158088
0.905977064
0.870258679
0.743752152
0.614788225
0.533673161
0.473739735
0.510199514
0.696743293
0.711466822

label
LBMI, mode 19
linestyle
--
x
0.0125
0.025
0.05
0.1
0.2
0.4
0.8
1.6
3.2
4

y
0.999728695
0.957858984
0.886724823
0.791355796
0.654983148
0.489209354
0.503993405
0.470932247
0.5236453
0.398535995

label
LBMI, mode 21
linestyle
--
x
0.0125
0.025
0.05
0.1
0.2
0.4
0.8
1.6
3.2
4

y
0.992314756
0.951024177
0.888592656
0.794741895
0.661817954
0.495106592
0.412463869
0.495359114
0.41863763
0.395721724

label
LBMI, mode 23
linestyle
--
x
0.0125
0.025
0.05
0.1
0.2
0.4
0.8
1.6
3.2
4

y
0.982088633
0.936436301
0.869736938
0.769943548
0.662204042
0.505910803
0.427392443
0.444465894
0.46500527
0.544854069

label
LBMI, mode 25
linestyle
--
x
0.0125
0.025
0.05
0.1
0.2
0.4
0.8
1.6
3.2
4

y
1.021151378
0.974126867
0.907077938
0.773757474
0.629261319
0.620751724
0.515872403
0.596986424
0.883557856
0.924524955

label
LBMI, mode 27
linestyle
-
x
0.0125
0.025
0.05
0.1
0.2
0.4
0.8
1.6
3.2
4

y
0.969300763
0.92626757
0.860987343
0.759169597
0.628379577
0.498208863
0.448329907
0.459081423
0.382943767
0.43282794

label
LBMI, mode 29
linestyle
-
x
0.0125
0.025
0.05
0.1
0.2
0.4
0.8
1.6
3.2
4

y
1.001283483
0.947205034
0.866956059
0.762774827
0.777545313
0.622770862
0.577269834
0.337092651
0.310508384
0.287449522

label
LBMI, mode 31
linestyle
-
x
0.0125
0.025
0.05
0.1
0.2
0.4
0.8
1.6
3.2
4

y
0.985975603
0.935961516
0.859740382
0.756300022
0.648565734
0.601661223
0.62301608
0.419533981
0.372286164
0.353782622

label
LBMI, mode 33
linestyle
-
x
0.0125
0.025
0.05
0.1
0.2
0.4
0.8
1.6
3.2
4

y
0.962304217
0.92709192
0.868808239
0.75684785
0.622541296
0.565248923
0.426671919
0.399180345
0.448802083
0.502318617

label
LBMI, mode 35
linestyle
-
x
0.0125
0.025
0.05
0.1
0.2
0.4
0.8
1.6
3.2
4

y
0.980773846
0.941325013
0.877208269
0.811432388
0.666012751
0.525095739
0.424403389
0.407059155
0.433002202
0.472461469

label
LBMI, mode 37
linestyle
-
x
0.0125
0.025
0.05
0.1
0.2
0.4
0.8
1.6
3.2
4

y
0.974450346
0.924822347
0.850004696
0.745875638
0.622337817
0.675628437
0.427588096
0.453258794
0.416801102
0.451204178

label
LBMI, mode 39
linestyle
-
x
0.0125
0.025
0.05
0.1
0.2
0.4
0.8
1.6
3.2
4

y
0.969598155
0.929032797
0.863116046
0.759060032
0.62519174
0.480929847
0.473643213
0.384585164
0.407639331
0.49237006

label
LBMI, mode 41
linestyle
-
x
0.0125
0.025
0.05
0.1
0.2
0.4
0.8
1.6
3.2
4

y
1.028382707
1.011441779
0.911898824
0.813211524
0.657242286
0.535488819
0.544186241
0.494423111
0.529368798
0.619416068

label
LBMI, mode 43
linestyle
-
x
0.0125
0.025
0.05
0.1
0.2
0.4
0.8
1.6
3.2
4

y
1.027834879
1.001633049
0.921905815
0.831733328
0.664995357
0.517454322
0.501314265
0.531622719
0.781844459
0.996723467

label
LBMI, mode 45
linestyle
-
x
0.0125
0.025
0.05
0.1
0.2
0.4
0.8
1.6
3.2
4

y
1.030725324
0.999968696
0.931458892
0.829912452
0.687539783
0.507121764
0.403144011
0.467216408
0.443475108
0.435396993

label
LBMI, mode 47
linestyle
-
x
0.0125
0.025
0.05
0.1
0.2
0.4
0.8
1.6
3.2
4

y
1.008686987
0.968549456
0.904312711
0.80035061
0.674485824
0.610896038
0.465308923
0.444628155
0.582852462
0.448877213

label
LBMI, mode 49
linestyle
-
x
0.0125
0.025
0.05
0.1
0.2
0.4
0.8
1.6
3.2
4

y
1.018620934
0.967500757
0.892218756
0.798216689
0.761673954
0.586426388
0.563605439
0.533594899
0.841949015
0.860528211

